002724	077867	549135	382054	572816	501747	063130	644558	835681	219470	165565	331572	238998	371322	202908	857255	392982	495687	727610	657997
007501	220340	532513	741386	615817	479134	486298	954163	309914	572129	446631	178860	744404	522195	504757	213944	246726	965111	209767	720383
030668	908811	374735	713718	786254	356188	121378	944730	103303	600448	281011	495230	234860	210184	122338	592097	061090	325552	528560	271870
031969	252385	357361	766244	660015	279026	829438	801421	797041	581131	821482	612010	395752	528433	043667	639751	465575	636280	565761	743714
038414	628280	896062	328453	018654	819975	007954	593770	481384	829945	171140	716042	884013	517678	086916	667289	532403	592016	425691	687860
057666	815438	779836	431421	804736	092581	281472	587583	511676	169207	839941	316156	308805	500962	857183	048555	776327	811088	677333	998562
132470	447519	144795	590517	684753	646107	840221	473362	567981	550879	918367	748311	593399	208473	796312	271460	621335	382146	181113	569917
135077	718566	118410	071448	014045	564584	941090	416545	460071	791219	156663	176595	693616	893181	154513	119913	672478	316309	903391	912378
136167	243473	030492	934785	605972	553730	238651	056866	746578	728527	789409	817857	133562	841765	163739	618527	894996	790987	679648	396688
142205	121342	856374	758991	946647	111481	742684	770727	310560	845921	560493	792114	390175	122020	959979	678601	507420	151032	778401	679191
158231	819689	539178	568984	866171	726548	064224	927569	746958	091269	246543	599492	114974	238226	953484	758791	818621	425392	131062	008662
209005	547040	787741	480895	002022	822679	412858	150357	564542	994735	808244	923663	229695	578724	552713	115314	137166	301547	172586	111414
247471	405515	984620	010780	340229	263816	167374	498156	772112	950811	634210	830560	558975	655678	163604	984748	675406	055344	478015	962840
294085	892708	747434	028768	797993	024508	073039	889902	675992	099873	551583	904594	468613	056675	921339	856158	186609	348490	134139	148892
317373	851768	344365	711978	648004	728471	064239	278448	569764	015871	857433	168597	383084	673413	862822	840632	057756	793809	310661	617789
324043	208883	498810	712998	668796	111032	969044	808668	335962	175748	235912	246453	638707	542974	312415	117701	283457	104505	115343	801372
340864	703204	431243	253655	314412	609286	526378	790447	863089	086377	622473	963107	579376	560652	777206	695319	514696	722874	436555	340142
343980	889716	362629	152708	421502	997568	012291	774759	189951	795877	478808	310064	683053	106342	473603	505372	792010	515088	434840	012768
384817	446229	201666	637432	487828	254450	288372	593258	517760	423682	065893	178018	108116	334005	331634	411812	196394	169800	626959	519939
387695	769070	302495	119492	646141	051835	360550	782641	235724	311737	142291	391815	598507	916254	315288	685434	009293	164653	675762	174332
442233	454496	990521	208592	257203	562540	036838	494973	610601	491202	414535	337661	817821	207032	466516	030467	107760	145112	124096	996801
455920	746189	742556	331661	611562	961370	681412	582349	519026	067795	727037	815627	995978	600422	659262	345175	269684	157905	778065	148526
456909	301297	591420	923515	322943	016472	760637	652938	833914	609531	939558	591114	049931	733220	505774	615710	234690	096928	017980	168330
466634	454764	149783	296908	648792	918656	284587	516763	458915	868627	527155	203466	372377	494301	506331	931828	544668	565918	825909	012820
492212	406469	723152	800423	671321	054374	796083	634681	954312	031389	095561	388684	245597	008473	642084	836917	709472	663188	978178	945725
502204	036758	911235	315275	252547	203935	665306	256933	534271	536956	643437	259876	922379	017363	856160	710860	282262	184206	464337	625653
527965	505844	095412	873689	757366	448491	302133	280141	381929	169853	248006	794839	574601	245878	883037	751647	422144	627355	425768	166499
598631	815436	383393	514495	521578	616759	812742	820548	666645	824277	664337	538229	708885	477270	786896	753649	988488	034959	427991	350331
658401	364035	827483	598824	067729	521312	661949	251101	147631	520724	181377	937634	643500	405049	248275	941247	673247	943641	389242	005742
677782	299884	754931	366677	325242	567479	454626	243696	579813	647346	308839	792037	878745	798972	516123	483957	243853	895876	297931	757804
693450	388115	618377	414543	051135	031419	121418	460958	202241	552829	278460	504110	569915	384331	932002	097558	147088	339373	096540	407391
738242	014325	440652	571906	908548	686063	345474	517010	736607	542916	153488	749274	395298	271244	378989	269665	550668	763896	627699	361755
753283	727258	475578	385806	509422	913901	832715	057274	317442	121935	779635	570596	057062	802562	892036	965790	226383	439936	839731	170665
761572	484349	076001	141640	699913	008616	079713	548699	959113	304353	404262	389647	644397	615741	088063	838287	577995	899772	106170	790388
763886	142412	481617	782610	996460	889686	219143	673241	430965	324157	784784	585060	702437	234729	714137	838430	527341	396216	181334	685380
766117	190866	629707	286722	944719	026828	093866	553863	828330	268652	333440	072576	050701	533159	958311	332084	263972	957672	568420	696355
783673	448441	528092	823170	685975	250796	693165	843437	703061	304321	673669	207235	563497	274078	238942	174957	224239	115686	707486	676176
810383	201034	974337	239902	051356	670753	333107	949753	748794	220928	947106	122494	970182	820662	962768	819217	207994	340758	758921	080403
826197	555875	057045	461487	848667	725293	401648	972391	868925	476379	599841	921476	093936	218315	815932	952571	629385	957002	804222	324994
854121	213466	570052	203689	163295	149466	161642	896315	724728	612042	387393	941775	606372	329767	637790	232565	385757	781172	423719	644371
862005	527331	808462	827819	460093	152811	292446	510354	082177	262096	618241	751486	774237	440875	557377	071234	031709	093036	465779	132675
863810	683269	957000	626692	100765	609386	228309	063211	151687	723394	195440	662162	192253	155592	272700	736566	737154	023061	794306	389187
868044	681613	878106	968603	094581	410028	393870	342520	593384	944204	003976	250560	982323	966792	410367	097994	475292	922410	100648	876579
889283	450345	844600	426154	242800	865882	969278	197148	044769	506395	578700	589214	838412	887237	563818	456942	392400	836700	107714	195476
925950	871914	458504	540614	105439	109942	023979	273456	826912	757795	175107	896671	580653	789545	465269	701159	496275	233575	857767	068864
933400	064332	926527	936270	853497	946140	332071	371779	643780	423239	106457	509693	562897	071289	587690	692697	177235	113866	126137	349060
939946	099070	953534	988455	019863	284820	288912	479349	868677	162049	000217	538326	733262	729890	596047	519636	399552	585361	272581	607465
947234	444608	668917	910539	883761	254152	691934	746073	299120	020820	954344	091178	850178	775135	429683	407181	163559	932794	884470	155251
950737	309289	179562	621261	862262	993529	889635	440987	844535	926996	844871	044090	983895	865644	701892	118405	166224	548034	948028	062999
964683	594866	717993	974368	266460	014605	321186	266171	212304	731174	273107	825208	137959	328925	232988	086999	622882	177244	531842	920230
